50 50
22  5 15 42 22 42 28 33 32 18  4  4 49 22  8 28 20  8 34 24 11 47 30  9 16 11  9 22 43 26 14 33 41 21 26 20 46 26 28  9 18 11 48 12 43 17 12  7 25 48
 3 30 48 17  9  6 50 36 11  3 35 21 37 40  1 46 29 38  7 28 35 21 23 22 16 50 35  4  1 40 45 14 50 12 33 14 24 35 42 15 31 46 16 23 46 38 47 34  7  4
26 20 11 18 44 38 14  3 16  4 37 22  3 39 23 25 13 50 48 10 16 14 45 21 40 45 22 35  5 37 23  5 15 15 18  8 14 12  8  8  5 11  1 22 45 26 30 11 36 35
30 38  3  7 49 47 30 23  5 29 37 24 22 18 39 34 39 24 22 30 36 29 11 49 29 28  5 31 31 45 36 14 16  4 20 21 28 17 38 29 18 40 39 42 45 26  9  1 48  8
17  3 30 13 26 38 34  3 43 47 49  3  8 10 33 46 11  4 19  8  1 31 50 48 34 21  6 42 36 15 27 21 47 43 34 20 28 25  9 45  4 31 45 36 39 24 49 33  7 43
37 39 14 29 13 10 26 10 16 37 26 26 34 22 44 35  4  4 40 27 39 26 12 20 46 47 21 28 30  8 25 29 37 33 26  7 38 18 31 49 13 39 40 33 32 10 17 22 28 45
14 25  9 21 30 44 28  9 33 14 40 11 20  5 44  1  6  4 17 37 27 13 27 45  1 31 23 11 12 41 14 11 44  5 27  2 44 20 20 46 25  2  5  3 30  2 38 13 29  4
 6 44 41 14 33 15  7 27  1  1 22 50 23 35 12 25 25 19  7 46 12 33 26 50 25 48 50 22 43 29 19 29 31 48 13 46 39 24  6  1 49 38 14  9 33  6 28 45 33 17
49  9  9 31 19 26 13  1 32 15  4 20 12 23 31 16  1 46 20 22 46 37  2  8 11  9 31  3 24 45  6 21 47 29 35 22  4  5 10 45 45 16 40  3 25 25 30 48 37  6
47 28 15 38  7  5 32 46 30 16  3  1 25 43 49 35 16 50 34  6 34 22 12 12  9 17 35 43  7 33  4 27 43 21 22 40  3 22 22 36 45 37 34 49 26 42 26 45 48 49
48 42 12 50 45 27 30  5  2 34 19 45 26  8 47 37 45 39 18 49 14 35 36 47 14 30 43 22 29 28 42 30 12  3 39 17 39 38 24 15 49 43 27  4 14 23 30  1 27 36
43  8 47 33 42 15  8 16 12 13 47 28 42  7 13 41 32 42  2 31 37 10 25 39 45 35 13 32 44 34 41 44 28 43 23 37 46  3 41 44 24 45 22 32  9 44 46 32 24  7
20 20 50 42 14 36 31  3 44 12 23 20 47 45 38 24 44 20  9  2 44  4 27 14 26 49 50 37 49 44 24 35 13 25 44 25 20 18 49  9 32 45 18  9 36 46  1 13 18 20
16 10 26 27 47 19 40 26 36 49 27 15 35 19  4 16 46 11 37 39 15  7  2  8 14  7  9 39  5  6 10 44 27  9  1 28 43 22  8  5 21 42  8 34  3 18  4 26 41 33
15 16 42 10  7 39 47 39  6 48 28 34 48 44 24 28 18 50 44 44 34 18 26 30 29 43 13  6 23 49 11 46 20 37 26 49  5 29 21 19  7 45 11 48  6 33 22 13 37 20
12 13 33  5  6  5 19 14 11  7  9 32 47 12 24 40 27 13 47  1 46 50 48 10 48 47 21 14 38  9 15 17 19 18  1 32  1 40 17 35 49  7 16 18  5 43 36 37 35 44
22 14  3 49 18  2 44 11 31 25 32 27 49  3 42 15 43 15 26 12  7 50  3 26  6 15 33 19 36 17 44 40 46 43 26 48 46 39 38  3 17 30 19  4 30  4 17 45 45 44
33 28 39 37  7 41  5 38 37 50 44 24 46 19 50 32 35 23 24  4 44 23 36 35 50 34  5 11  8 12 42 48  7  1  7 36  5 46 44 21 29  2 27 49 23 25 22 44 30 16
16 38 46 36 39 25 21 11 19 16  9 46 43  2 46 21 22 49 12 19 50 32 40 19 20 15 27 30 15 45 48 26 43 15 49 39 11 49 17  6 34 49 31 36 23 20 25 41 42 39
19  3 17 41 26 42 38 38 48 27 37 13 43 41 24 29 24  3 11 13 31  5 35 30 13 10 11  6 12 45 40 35 30 42 27  3 43 16 32  7 23 16  1 37 27 36 15  2  2  1
22 45 28 20 16 50 10  7  6 23 11  3 27 28 31 36 12 47 29 40 22 37 47 32 41  4  8 28 47 18 17 25 36 13 15 33 38 38 19 46 45 23 18 30 48 30 15 42  4 43
33 18 29  9 40 17 28 30 31 46 18 16 17 16 19 49 22  6 37  6  1 49 24 26 41  1 18 32 34 34 36 16 18 25 24 22 10  4 25 38 12 45 41 30  5 48  6 44  4 28
26 25 42 25 21 38 10 19 32 47  7 23  1  6 27 34 32  1 49 32 34  1 12 29  4 24 50  3 46 10 33 18 50 22 28  4 49  7 50 50 14 46 45 48 49 41  7  7 47 35
11 18 18 42 23 31 40 19 26 28 46 42 13 11 18  9  1 20  4 16 27 49 50  4 45 19 23 21 39 27 50 11  3 38 44 47 27 11 40 14 45 17 29 29 15 37  8 50 15  9
44  6 44 20 46 31 19 23  7 41 48 43 26 31 27 46 25  8 14 21 23 26 24 32 31 11 30 30  4 12 11 42 30 49 35 23  4 39 49 20  5 20 13  1 12  1 17 23 44 25
16 17 21  6  5  9 24  8 38 18  2  4 30 37 50 50 10 23  1 22 27 20 11  7  8  7 13 19 45 34 39  9 50 35 37 45 34 11 43 50 31 30 10 35 49 50 33  3 43 30
21 47 47 11 23 42 22 36 46 46 33  2 27 40 12 10 41 20 25 17 22 14 40 31  7 36  8 17 14 14 17 50 18 32 39 41 10 11 20  7 23 25 41  2  8 43 14 47 40 26
22 18 50 50 41 33 43 15 31 23 28 43 30 14 39 47 50 16 19 32  3 16 36  6  2 33 39  6 22 21 27 37 33 17 42 44 21 25 39 14 25 16  6 30  7  2 38 15 35 27
33  2 42  4 23 16  4 50 18 13 34 42 48 46 46 48  6 49 20  4  1 39 21  6 10  3 32  3  4 21 36 33 38 31 33 35 33  5  9 49 27 11 23 24  1  8 49 26 19 17
10 20 25 37 21 24 40 37  6 48  3 31 11 49 44 32  6 23 19  8 45  1 15 45 15 41 14 34 46  8  8 27  6 19 45 27 25 41 31 12 23 48 43 15 14 46 49 13 33  8
46 17  6 10 26 18 49 37 13 47  6 21 17 28 34 17 47  8 33  9  7 26  2 15 31 38 49  4 32 17 13 13 22 33 33 35 37 35 41 46 15 33 38 48 24 14 16 13 19 40
44 49 32 23  4 38 21 27  6 49 39 46 24  5 48 44 20  9 43  8 46  2  2  2 36 30 46 25 39 32 21 44 19 11 20 43 22 18 36 26 38 21 46 44 20 50 39 13 25 17
19 35 21 33 11 50  6 12 25 10 33 38 14 18 35 45 49 27 39 42 45 37 20 20 45 44 45 38 39 41 29  2 16 34 23 26  7 13  9 24 17  1 40 48 42  9 10 23  4 39
 2 34 36 19 42 42 36 17  6 28 19 28 48 18 23 19 46 11 27 18 37 39 34 32 33 18 16 49 32 44 30  4 20 43 15  5 28 39 31 13  5 44  3 35  5 43  7 37 48 48
29 20  7  4 24 39 39 16 23 15 12  7  4 46 11 26 24 13 12  2  3 30 18 23 44 30 41 40 21 14  3 26  2 38 14  9 16 29  6 39 41  1 33  3 22  4  4 38 38 31
40  6  3 35 50 10  5 45 47 35 28 34  2 32 20 31 41 36 43 29 36 11  5 41  1 25 33 16 16 12  1 20 37 38  9 38 24 27 50 12 28 31 19 50 46  9  4 15 35 46
21 44  1  4 16 18  9  3  1 33 40  7  6 47 16 30 50 41  9 16  8 27 19 24 37  3 33 15  1 14 44 41  7 19 13 11 32 22 12 46 50 18 14 39 39  6 22 49 15 24
10 38  9 32 49 50 48  4  8 19 35 12 11 30 20  1 26  2  4 28  2 44 37 47 42 46 45 33 13 19 18 42 32  6  6 50 43 33 49 10 26 18 13 15 46 50 37 25  3 44
38 35  1  2 14 35 30 34 30 19 36  5 19 40 46 50 50  6  3 13 40 44 22 26  3 27 20  4 16 39 13 20 40  5 23 33  8 37 13 28 43 38 43 33  1 18 21 40 37 33
45 46 35 25 15 10 49 44 45 13 49 11 18 23  1 46  1 41 26 48 48  4 39 23 46 38 30 43 20 26 35 47  6 47 49 14  7 18  2  2  5 44 16  8 17  7 36 21 20 21
 2 23 17 18 49 35 46 18 11  4 17 42 44 20 16 24 35  4 24 37 28 24 49 18 14 14 16 48 28  5 12 38 15 13 46 16 15 48 46 27  3 17 34 20 37  7 12 27  5 18
47 41  8 32 44 24 19 50 47  1  2  5 15 30 39 26 50 18 22 31 40 34 18 49 12 17 29 28  1 45 23 16 37  3 41  6  2 18  6  2  9 50 36 10 20 10 47 15 32 45
20 27 26 36  9 17 37  2 12  5 48  5 31 19 17  5 50 39 41 45 43 48 20 48  9 13  5 12 45 50 27  7 39 40 22 14 43 12 42  8 28 45 32 11 32  8 16 15 43 27
 3 28 40 47 12 35 20 39 26 36 13 38 16 11 15 49 38 28  4 30 23 22  3 42 37 15 18  4 37  4 15  8 12 24 14 27 41 31 47  1 44 17 44 50 46 28 40 17 43 45
39  3 47 17 27 34 15  1 23 49 11 21 32 28 32 16  4 33 44 11 10 20 41 40 46 42 13 21 49  6 29 41  2  5 35 16  8 48 12 40  8  6  7 50 39  7 19 14 50  5
47 50 36 49 12 24  5 41 35 28 36 38 25 15 11 33 40 32 39  7 44 31 25 38 22 29 16 25 49 43 30 46 29 32 43 37 23 20 47 20 20 23 26  1 49 11 14 42 31 43
28  6  4 36 20  6 23 45 42 13 24 24  8 37 38  3 46  5 27 15 21 15 27  5 21 43 32 19  7 24 38 35  4  4 48 36 15 27 45 16 26  7 15  3  7 44 24 48 35 15
43 35 15 11 43 31  1 16 30 32 35 50 25 44 34 25  9 38 25  3  9 40 36 16 14 32 23 34 25 11 30 41  7 30  8 27 45 39 15 20 29 39 21 38 14 28  5 10 39 30
23 28 50 16 41 38 16 43 28 12 37 47 38 38 27 16 11 10  8 29 35 48 25  8 21 23  2 11 38 36 47 47 18 34 11  4 16 36 14 39 31  1 27  6  4 12  2 31 23 21
49 13 25 42  6 12 34 30 19 16 26 25  4 10 20 20 20 24  3 13 11 17 35 40 11 43  1  9 40 13  1 33 24 39 47 13 27 38  8 32  6 46 11 13 11 29 31 30  1  5